2 0.229427 0.885648 0.066146 0.056481
2 0.215365 0.980093 0.038021 0.039815
2 0.152083 0.882407 0.022917 0.051852
2 0.243490 0.819444 0.048438 0.048148
2 0.623698 0.901852 0.036979 0.144444
2 0.760938 0.968519 0.052083 0.061111
2 0.596875 0.724537 0.036458 0.052778
2 0.148177 0.820833 0.038021 0.063889
2 0.318750 0.676389 0.062500 0.049074
2 0.137240 0.971296 0.036979 0.057407
2 0.106250 0.924074 0.045833 0.050000
2 0.661458 0.748148 0.052083 0.103704
0 0.176563 0.537963 0.080208 0.300000
0 0.268750 0.493056 0.070833 0.236111
0 0.355469 0.400926 0.061979 0.142593
0 0.544792 0.403241 0.062500 0.143519
0 0.579688 0.384259 0.035417 0.153704
