0 0.230729 0.887037 0.070833 0.061111
0 0.191146 0.818519 0.053125 0.046296
0 0.239844 0.817593 0.049479 0.064815
0 0.142187 0.824074 0.034375 0.038889
0 0.148177 0.877778 0.027604 0.051852
0 0.099740 0.925926 0.040104 0.038889
0 0.618229 0.912037 0.040625 0.151852
0 0.660937 0.749537 0.058333 0.097222
0 0.540365 0.702315 0.038021 0.043519
0 0.593750 0.729167 0.025000 0.047222
0 0.766406 0.968056 0.038021 0.063889
1 0.174219 0.624074 0.113021 0.212963
1 0.304427 0.600463 0.114062 0.200926
1 0.344792 0.392130 0.079167 0.150926
1 0.610156 0.491204 0.078646 0.256481
1 0.578646 0.292593 0.047917 0.129630
