0 0.195573 0.559259 0.088021 0.274074
0 0.284375 0.487500 0.075000 0.228704
0 0.354167 0.390741 0.064583 0.118519
0 0.545052 0.383333 0.056771 0.133333
0 0.571615 0.378704 0.042188 0.155556
2 0.225521 0.880556 0.063542 0.051852
2 0.621094 0.902315 0.031771 0.130556
2 0.137240 0.967130 0.031771 0.058333
2 0.191927 0.812500 0.054688 0.034259
2 0.241146 0.814352 0.029167 0.036111
2 0.660417 0.741667 0.057292 0.103704
2 0.139063 0.815278 0.038542 0.052778
2 0.211979 0.976852 0.039583 0.046296
2 0.102865 0.915741 0.039062 0.059259
