0 0.170313 0.593056 0.105208 0.341667
0 0.360156 0.412500 0.096354 0.152778
0 0.310677 0.616204 0.111979 0.223148
0 0.619010 0.461111 0.071354 0.240741
0 0.566667 0.420370 0.075000 0.194444
2 0.220312 0.883333 0.060417 0.051852
2 0.616927 0.916204 0.030729 0.128704
2 0.236198 0.816204 0.039062 0.050926
2 0.191146 0.810648 0.053125 0.043519
2 0.137760 0.826389 0.025521 0.037963
2 0.144792 0.880556 0.026042 0.042593
2 0.539062 0.698611 0.035417 0.039815
2 0.589063 0.722685 0.022917 0.037963
2 0.103385 0.922685 0.038021 0.036111
2 0.654167 0.746759 0.044792 0.097222
2 0.764323 0.962500 0.055729 0.075000
