0 0.095549 0.554628 0.145046 0.367109
0 0.260933 0.283868 0.113483 0.192349
0 0.236763 0.495166 0.137397 0.264504
0 0.522071 0.179531 0.099462 0.257080
0 0.465530 0.172858 0.097462 0.217572
2 0.179940 0.786824 0.065846 0.081129
2 0.575024 0.589577 0.045859 0.133198
2 0.187492 0.717432 0.044675 0.068087
2 0.142393 0.738200 0.057648 0.069473
2 0.091651 0.782867 0.029755 0.048698
2 0.105133 0.827510 0.030829 0.053156
2 0.471939 0.438614 0.039738 0.056021
2 0.524156 0.431652 0.027188 0.047209
2 0.069392 0.889035 0.041858 0.054182
2 0.591267 0.416054 0.055922 0.112955
2 0.725971 0.546890 0.064021 0.099245
