0 0.205990 0.604167 0.113021 0.243519
0 0.300521 0.481019 0.089583 0.239815
0 0.348958 0.403241 0.058333 0.175000
0 0.535677 0.393519 0.061979 0.185185
0 0.566406 0.359259 0.050521 0.146296
2 0.215625 0.880093 0.052083 0.067593
2 0.133594 0.811111 0.031771 0.044444
2 0.190365 0.804630 0.050521 0.046296
2 0.305990 0.719444 0.042188 0.042593
2 0.100260 0.914815 0.038021 0.048148
2 0.132552 0.963426 0.046354 0.049074
2 0.614583 0.897685 0.033333 0.117593
2 0.651823 0.736574 0.063021 0.102778
2 0.757812 0.950926 0.053125 0.074074
