0 0.676369 0.970206 0.071541 0.059588
0 0.715860 0.899155 0.053658 0.051892
0 0.666871 0.897597 0.050078 0.072378
0 0.765134 0.905846 0.034762 0.043478
0 0.759364 0.965304 0.028013 0.057772
0 0.808315 0.998714 0.040525 0.002573
0 0.286705 0.956884 0.041585 0.086232
0 0.242974 0.817569 0.059138 0.108393
0 0.364032 0.766547 0.038452 0.048650
0 0.310460 0.795726 0.025372 0.052612
1 0.731963 0.683826 0.114698 0.237272
1 0.600876 0.656235 0.115688 0.223942
1 0.559284 0.424889 0.080350 0.168143
1 0.292827 0.531800 0.080327 0.285130
1 0.323579 0.312013 0.048815 0.144199
